SERVICE_CHANGE_NUM,CHANGE_NUM,STOP_ID,STOP_SEQUENCE_NUM,DAY_PART_CD,SERVICE_RTE_NUM,EXPRESS_LOCAL_CD,INBD_OUTBD_CD,HOST_STREET_NM,CROSS_STREET_NM,STOP_PLACEMENT_CD,TRIP_COMPASS_DIR_CD,JURISDICTION_CD,OBSERVED_TRIPS_IDS,TOTAL_OBSERVATIONS,AVG_TRIP_BOARDINGS,AVG_TOTAL_BOARDINGS,AVG_TRIP_ALIGHTINGS,AVG_TOTAL_ALIGHTINGS,AVG_TRIP_DEPARTING_LOAD
243,157,55583,1,AM,9,E,I,Martin L King Jr Way S,S Henderson St,FS,N,SEA,5,481,0.5,2.7,0,0,0.6
243,157,31134,2,AM,9,E,I,S Henderson St,48th Ave S,FS,N,SEA,5,490,0.5,2.5,0.1,0.5,1
243,157,8100,3,AM,9,E,I,Rainier Ave S,Cloverdale Pl S,NS,N,SEA,5,495,0.5,2.6,0,0,1.5
243,157,8110,4,AM,9,E,I,Rainier Ave S,S Rose St,FS,N,SEA,5,497,1.5,7.4,0,0,3
243,157,8140,5,AM,9,E,I,Rainier Ave S,S Holden St,FS,N,SEA,5,497,1.2,5.8,0.1,0.6,4
243,157,8160,6,AM,9,E,I,Rainier Ave S,S Othello St,FS,N,SEA,5,497,0.9,4.4,0.1,0.5,4.8
243,157,8175,7,AM,9,E,I,Rainier Ave S,S Frontenac St,FS,N,SEA,5,496,0.5,2.3,0,0,5.3
243,157,8190,8,AM,9,E,I,Rainier Ave S,S Holly St,FS,N,SEA,5,495,1.5,7.3,0.1,0.3,6.7
243,157,8210,9,AM,9,E,I,Rainier Ave S,S Graham St,NS,N,SEA,5,495,1.6,8.2,0.8,4,7.5
243,157,8250,10,AM,9,E,I,Rainier Ave S,S Orcas St,FS,N,SEA,5,497,1.2,5.8,0.1,0.3,8.6
243,157,8300,11,AM,9,E,I,Rainier Ave S,S Edmunds St,FS,N,SEA,5,497,2.3,11.3,0.3,1.7,10.5
243,157,8330,12,AM,9,E,I,Rainier Ave S,S Genesee St,FS,N,SEA,5,496,1.1,5.3,0.2,1,11.4
243,157,8350,13,AM,9,E,I,Rainier Ave S,S Andover St,FS,N,SEA,5,495,1,5,0.2,0.9,12.2
243,157,8401,14,AM,9,E,I,Rainier Ave S,S Forest St,NS,N,SEA,5,496,0.9,4.6,3,14.9,10.2
243,157,8440,15,AM,9,E,I,Rainier Ave S,S Walker St,FS,N,SEA,4,379,0.4,1.6,0.4,1.5,11.2
243,157,8485,16,AM,9,E,I,Rainier Ave S,I-90 Ramp,FS,N,SEA,4,379,0.8,3.3,0.2,0.8,11.8
243,157,8494,17,AM,9,E,I,Rainier Ave S,S Charles St,FS,N,SEA,4,379,0.7,2.9,0.4,1.4,12.2
243,157,8510,18,AM,9,E,I,Rainier Ave S,S Dearborn St,FS,N,SEA,4,379,1.1,4.3,0.7,2.6,12.6
243,157,41900,19,AM,9,E,I,12th Ave S,S Jackson St,FS,N,SEA,4,379,0.6,2.4,1,4.1,12.1
243,157,41902,20,AM,9,E,I,Boren Ave,E Yesler Way,FS,N,SEA,4,379,0.5,2.1,0.3,1.2,12.4
243,157,41904,21,AM,9,E,I,Broadway,E Terrace St,FS,N,SEA,4,379,1.1,4.2,3.2,12.9,10.3
243,157,41908,22,AM,9,E,I,Broadway,E Marion St,NS,N,SEA,4,379,0.5,2,4.5,18,6.3
243,157,41965,23,AM,9,E,I,Broadway,E Union St,NS,N,SEA,4,379,0.3,1,1.3,5.1,5.3
243,157,41970,24,AM,9,E,I,Broadway,E Pine St,NS,N,SEA,4,378,0.1,0.5,2.4,9.4,3.1
243,157,11180,25,AM,9,E,I,Broadway E,E John St,FS,N,SEA,4,379,0.2,0.7,1.9,7.6,1.3
243,157,11190,26,AM,9,E,I,Broadway E,E Harrison St,FS,N,SEA,4,378,0,0,0.5,1.9,0.9
243,157,11200,27,AM,9,E,I,Broadway E,E Mercer St,FS,N,SEA,4,373,0,0,0.6,2.3,0.3
243,157,11011,28,AM,9,E,I,Broadway E,Broadway E,FS,N,SEA,4,373,0,0.1,0.2,0.8,0.1
243,157,11012,29,AM,9,E,I,E Aloha St,Broadway E,FS,N,SEA,4,374,0,0,0.2,0.6,0
243,157,55583,1,MID,9,E,I,Martin L King Jr Way S,S Henderson St,FS,N,SEA,1,96,0.5,0.5,0,0,0.6
243,157,31134,2,MID,9,E,I,S Henderson St,48th Ave S,FS,N,SEA,1,96,0.3,0.3,0,0,0.9
243,157,8100,3,MID,9,E,I,Rainier Ave S,Cloverdale Pl S,NS,N,SEA,1,97,0.2,0.2,0,0,1.1
243,157,8110,4,MID,9,E,I,Rainier Ave S,S Rose St,FS,N,SEA,1,97,2.1,2.1,0,0,3.1
243,157,8140,5,MID,9,E,I,Rainier Ave S,S Holden St,FS,N,SEA,1,97,0.8,0.8,0,0,3.8
243,157,8160,6,MID,9,E,I,Rainier Ave S,S Othello St,FS,N,SEA,1,97,0.4,0.4,0.1,0.1,4.1
243,157,8175,7,MID,9,E,I,Rainier Ave S,S Frontenac St,FS,N,SEA,1,97,0.2,0.2,0,0,4.3
243,157,8190,8,MID,9,E,I,Rainier Ave S,S Holly St,FS,N,SEA,1,97,1.6,1.6,0.2,0.2,5.7
243,157,8210,9,MID,9,E,I,Rainier Ave S,S Graham St,NS,N,SEA,1,97,1.1,1.1,0.1,0.1,6.7
243,157,8250,10,MID,9,E,I,Rainier Ave S,S Orcas St,FS,N,SEA,1,97,0.8,0.8,0.1,0.1,7.3
243,157,8300,11,MID,9,E,I,Rainier Ave S,S Edmunds St,FS,N,SEA,1,97,1.1,1.1,0.3,0.3,8.1
243,157,8330,12,MID,9,E,I,Rainier Ave S,S Genesee St,FS,N,SEA,1,97,0.8,0.8,0.2,0.2,8.6
243,157,8350,13,MID,9,E,I,Rainier Ave S,S Andover St,FS,N,SEA,1,97,0.8,0.8,0.4,0.4,9.1
243,157,8401,14,MID,9,E,I,Rainier Ave S,S Forest St,NS,N,SEA,1,97,1,1,1.6,1.6,8.4
243,157,8440,15,MID,9,E,I,Rainier Ave S,S Walker St,FS,N,SEA,2,214,0.7,1.4,0.3,0.5,7.8
243,157,8485,16,MID,9,E,I,Rainier Ave S,I-90 Ramp,FS,N,SEA,2,214,0.3,0.5,0.1,0.2,8.1
243,157,8494,17,MID,9,E,I,Rainier Ave S,S Charles St,FS,N,SEA,2,215,0.4,0.8,0.4,0.7,8.1
243,157,8510,18,MID,9,E,I,Rainier Ave S,S Dearborn St,FS,N,SEA,2,215,0.8,1.6,0.5,1,8.4
243,157,41900,19,MID,9,E,I,12th Ave S,S Jackson St,FS,N,SEA,2,215,0.7,1.4,1,1.9,8.1
243,157,41902,20,MID,9,E,I,Boren Ave,E Yesler Way,FS,N,SEA,2,215,0.8,1.6,0.4,0.7,8.6
243,157,41904,21,MID,9,E,I,Broadway,E Terrace St,FS,N,SEA,2,215,1.1,2.1,1.6,3.2,8
243,157,41908,22,MID,9,E,I,Broadway,E Marion St,NS,N,SEA,2,215,0.3,0.5,2.1,4.1,6.2
243,157,41965,23,MID,9,E,I,Broadway,E Union St,NS,N,SEA,2,215,0.2,0.4,1.1,2.1,5.4
243,157,41970,24,MID,9,E,I,Broadway,E Pine St,NS,N,SEA,2,215,0.2,0.4,2.9,5.7,2.7
243,157,11180,25,MID,9,E,I,Broadway E,E John St,FS,N,SEA,2,215,0.3,0.6,1.7,3.3,1.3
243,157,11190,26,MID,9,E,I,Broadway E,E Harrison St,FS,N,SEA,2,214,0,0,0.8,1.5,0.6
243,157,11200,27,MID,9,E,I,Broadway E,E Mercer St,FS,N,SEA,2,210,0,0,0.3,0.5,0.3
243,157,11011,28,MID,9,E,I,Broadway E,Broadway E,FS,N,SEA,2,211,0,0,0.1,0.2,0.3
243,157,11012,29,MID,9,E,I,E Aloha St,Broadway E,FS,N,SEA,2,211,0.8,1.5,1,2,0
243,157,11012,1,PM,9,E,O,E Aloha St,Broadway E,FS,S,SEA,5,417,0.3,1.7,0,0,0.5
243,157,11030,2,PM,9,E,O,E Roy St,Broadway E,NS,S,SEA,5,495,0.3,1.5,0,0.1,0.7
243,157,11040,3,PM,9,E,O,Broadway E,E Republican St,FS,S,SEA,5,502,1,5.1,0.1,0.3,1.7
243,157,11050,4,PM,9,E,O,Broadway E,E Thomas St,FS,S,SEA,5,503,0.5,2.5,0.1,0.4,2.1
243,157,11060,5,PM,9,E,O,Broadway,E Denny Way,FS,S,SEA,5,507,1.6,8.2,0.3,1.3,3.5
243,157,11070,6,PM,9,E,O,Broadway,E Pine St,NS,S,SEA,5,507,0.4,2.1,0.1,0.7,3.8
243,157,41980,7,PM,9,E,O,Broadway,E Pike St,NS,S,SEA,5,507,1.5,7.7,0.3,1.6,4.9
243,157,41982,8,PM,9,E,O,Broadway,E Union St,FS,S,SEA,5,507,1,4.9,0.2,1.2,5.7
243,157,41986,9,PM,9,E,O,Broadway,Marion St,FS,S,SEA,5,507,4,19.9,0.5,2.3,9.3
243,157,41987,10,PM,9,E,O,Broadway,Terrace St,NS,S,SEA,5,507,2.7,13.4,1.1,5.4,10.9
243,157,41989,11,PM,9,E,O,Boren Ave,E Yesler Way,NS,S,SEA,5,507,0.2,0.9,0.8,3.9,10.2
243,157,8550,12,PM,9,E,O,Rainier Ave S,S King St,NS,S,SEA,5,507,1.4,6.8,1,4.8,10.7
243,157,8590,13,PM,9,E,O,Rainier Ave S,S Norman St,FS,S,SEA,5,507,0.7,3.4,1.1,5.5,10.2
243,157,8608,14,PM,9,E,O,Rainier Ave S,I-90 Ramp,FS,S,SEA,5,507,0.1,0.5,0.5,2.7,9.8
243,157,8641,15,PM,9,E,O,Rainier Ave S,S Walker St,NS,S,SEA,5,507,0.9,4.5,0.5,2.5,10.2
243,157,8681,16,PM,9,E,O,Rainier Ave S,S Stevens St,NS,S,SEA,5,507,2.9,14.5,1.9,9.3,11.2
243,157,8740,17,PM,9,E,O,Rainier Ave S,S Andover St,NS,S,SEA,5,507,0.9,4.3,1.9,9.4,10.2
243,157,8760,18,PM,9,E,O,Rainier Ave S,S Genesee St,FS,S,SEA,5,507,0.4,2,1.2,5.9,9.4
243,157,8790,19,PM,9,E,O,Rainier Ave S,S Edmunds St,NS,S,SEA,5,507,0.7,3.3,2.1,10.7,7.9
243,157,8840,20,PM,9,E,O,Rainier Ave S,S Orcas St,FS,S,SEA,5,507,0.3,1.5,1.5,7.6,6.7
243,157,8870,21,PM,9,E,O,Rainier Ave S,S Graham St,FS,S,SEA,5,507,0.6,3.1,1.2,6.1,6.1
243,157,8890,22,PM,9,E,O,Rainier Ave S,S Holly St,FS,S,SEA,5,507,0.2,1.2,0.8,4.1,5.5
243,157,8905,23,PM,9,E,O,Rainier Ave S,S Myrtle St,NM,S,SEA,5,507,0.1,0.4,0.3,1.4,5.3
243,157,8920,24,PM,9,E,O,Rainier Ave S,S Othello St,FS,S,SEA,5,507,0.4,2,0.8,4.2,4.9
243,157,8940,25,PM,9,E,O,Rainier Ave S,S Holden St,FS,S,SEA,5,507,0.2,1,0.9,4.3,4.2
243,157,8970,26,PM,9,E,O,Rainier Ave S,S Rose St,FS,S,SEA,5,507,0.4,1.9,1.2,6.1,3.4
243,157,8990,27,PM,9,E,O,Rainier Ave S,S Cloverdale St,FS,S,SEA,5,506,0,0.2,0.5,2.3,3
243,157,30140,28,PM,9,E,O,S Henderson St,Rainier Ave S,FS,S,SEA,5,505,0.3,1.5,2.6,13.2,0.6
243,157,30160,29,PM,9,E,O,S Henderson St,Renton Ave S,FS,S,SEA,5,506,0.1,0.3,0.7,3.5,0
